Time	Nup107-Mean	Nup107-STD	Nup93-Mean	Nup93-STD	Nup205-Mean	Nup205-STD	Nup62-Mean	Nup62-STD	SEH1-MEAN	SEH1-STD	Nup188-Mean	Nup188-STD
3.5	3.39166736	2.110488317	0.010288023	0.936120028	0.178656489	0.822847341	0.631539831	1.909559066	2.979012875	1.342953062	0.618826354	0.931277293
4	4.970827385	2.464041789	-0.03353917	0.866675528	0.199469297	0.626622364	0.498970994	1.386832258	3.936820031	2.088982868	0.265746142	1.112883188
4.5	5.675181828	3.038245919	-0.087635277	0.837679819	0.058884677	0.480886939	0.110289532	1.077779503	4.326805247	1.908480584	-0.060439081	0.622943767
5	6.416432961	2.896330838	0.337581403	1.218102323	-0.107603323	0.889492439	0.448953406	1.226932613	5.262742562	2.293177106	0.339675821	0.499163484
5.5	9.186392605	3.403225711	2.083285819	2.148765317	0.75577876	0.713707043	2.366964807	2.417750141	6.330383712	3.629918655	0.484061839	0.671428397
6	13.14561454	4.745299182	5.009023488	3.799264555	1.474127794	1.037719878	3.911948802	2.990134229	9.678676307	3.688412732	1.085530035	0.909952575
6.5	14.91689451	4.739346646	7.837766748	4.12264987	4.065467358	1.930844349	8.565477281	3.820536386	12.33247773	4.1088389	1.522172735	1.340510585
7	16.96816764	4.592431692	10.56575421	3.984276896	5.44125519	1.92182837	11.57873761	3.588319837	14.16642806	4.879830522	2.533727206	1.581456019
7.5	18.37160816	4.595372557	13.34760485	4.406179529	6.873591013	2.128949672	15.23024777	4.187682707	17.0488964	5.341582278	3.305102043	1.277894874
8	19.89916702	3.778428289	16.95538416	4.438500858	8.50079978	2.162094629	17.53157872	3.61882299	16.85579302	4.231573154	4.430520241	1.646611444
8.5	20.91886981	4.089785035	18.47612748	4.029972031	8.677496124	1.830089552	19.34778034	4.293160033	19.17247999	4.77287686	5.968224416	2.399109406
9	20.99641604	2.975100578	21.18468773	4.228131811	9.284520248	2.697784131	20.90421447	4.252887898	18.67949789	4.238885398	6.475370548	1.913579381
9.5	21.20048171	4.722496054	24.10326334	6.454762736	9.457334213	2.835027201	22.21707811	4.077962799	17.55992808	4.203724462	7.123856924	1.792738191
10	21.27340995	4.405671679	25.80471077	6.427537188	11.25451998	3.203411409	24.05717728	4.798266752	17.75277802	3.451186456	7.81357685	1.824205095
10.5	21.46883231	3.010275909	26.35405907	5.233361098	11.56642517	3.158659013	25.36221754	5.200474826	17.56456191	3.888591872	9.61975658	2.37763736
11	20.29785103	4.316052103	30.47264954	5.959142442	11.15184492	3.583519834	27.70609688	5.704256528	18.45654016	4.351753812	9.915760304	1.88347057
11.5	22.93775728	4.277114495	30.89778309	5.026559975	12.06895729	2.622655263	29.29678786	5.605051986	21.28158981	5.335143587	12.01954867	1.41336484
12	23.40546643	5.108165936	33.67991943	7.00309623	13.19386888	3.005195107	30.64325439	6.730012829	21.11096328	4.114680288	11.00058701	1.751798779
12.5	23.67362177	5.003625582	36.47096911	5.861955451	13.22022779	1.995453373	32.17031845	6.258775323	21.7450714	3.862286973	13.22704799	2.579116289
13	25.04449521	5.779664258	36.0386278	5.687166689	13.71511739	3.244081777	34.00939938	6.836849884	21.95295926	4.902551996	13.47501987	1.669411743
13.5	25.41967491	4.062688229	37.27973374	4.490798294	13.0188908	1.907039656	34.08774274	7.099786831	22.49017961	3.889216975	14.12520847	2.41328942
14	25.50701208	4.110343443	38.80181289	5.0953649	12.88747794	2.32290591	33.76842887	6.628917963	23.62803826	4.948555829	14.00125484	2.238521002
14.5	25.45782404	4.286011058	39.11668176	4.703173541	13.79623839	2.651989205	33.39984212	6.980894281	22.89893273	5.072260994	14.25849703	2.401844238
15	24.93162417	3.763332478	40.61590035	5.684311086	12.78424966	1.984754804	34.72093863	6.440166672	22.95812633	5.155696655	15.41324755	2.05102112
15.5	24.42676742	3.574958673	40.43838423	5.769420955	12.89324427	1.777266303	33.82069154	5.461374118	23.95794014	5.142898866	15.12745937	1.838412399
16	24.96411169	5.018522937	39.37044623	3.930686964	13.79110677	3.189698931	36.34911689	7.439247567	24.84117905	3.948384808	14.54384081	2.598824079
16.5	25.35835051	3.356743618	40.60792441	4.461597057	12.8655712	2.408300749	36.20063997	6.39607517	23.93868786	5.354025173	13.84490218	2.365075925
17	26.48704548	7.244278779	38.96985759	4.484014373	12.81516889	2.723099887	36.75510631	7.23273132	24.13129246	5.597181823	15.45783671	2.65494864
17.5	26.42875596	4.625221848	38.52793262	4.787291243	12.34386389	2.590950975	37.13540146	6.398471289	24.42166801	4.905008271	14.78877754	2.181835877
18	26.66412802	3.234629737	38.93317275	6.546384395	14.00111343	2.311688727	39.0830894	5.975410399	24.94138853	5.978051277	15.23307616	2.331823248
18.5	24.71858669	5.599017772	40.63716912	5.326931903	13.21865953	3.297014306	37.50966818	5.93533427	24.61827744	4.880943569	15.0536253	2.125284856
19	25.38664063	5.865144606	38.92421837	6.032737362	13.20046162	2.15025376	38.00781182	7.096381718	24.68481211	4.529821098	15.968236	2.10753525
19.5	23.79326172	4.07549456	38.50712012	5.459999677	12.68335514	2.926972838	37.93952206	7.79945414	24.58789349	3.920894069	14.83068846	2.84818118
20	24.18876458	5.265337644	37.98774597	7.211649988	13.23167036	3.524417257	37.12995836	6.727348929	24.21793049	4.413407576	16.18805175	1.570204463
20.5	23.0892405	3.885416789	37.66026103	5.534564055	13.63247439	2.79232939	37.72977155	5.215135912	24.79234538	3.791528092	15.50675261	2.671808572
21	24.95625794	5.501303922	38.86942924	6.34006608	13.48334445	2.941511734	37.57096108	5.531166773	23.81346298	4.526288953	14.56531971	1.617613368
21.5	26.15499918	4.734577314	38.62080864	6.244720039	13.40279701	2.210957607	38.42878232	7.044269763	26.04191686	6.571411252	15.47062184	1.950806474
22	24.00713668	5.041398874	38.67359156	5.336903882	14.57095503	2.479331888	36.74894395	5.350457088	25.1286669	3.523014727	15.29783664	2.005115415
22.5	25.27048113	5.115985057	40.39943087	4.764109182	14.34805043	2.425391171	37.95255998	7.054835869	25.99494186	5.653367892	15.19887594	1.346093971
23	25.03731319	4.661653463	38.89125826	4.475786445	13.88245664	2.380707221	37.79863814	5.246697867	24.87175797	3.812717724	15.24285773	2.142268565
23.5	24.97962425	7.998385362	40.35652552	3.99166067	13.72016946	2.996633883	38.16940144	6.923650512	25.25867685	4.711016488	16.18652542	1.975895796
24	25.37599707	4.459248071	40.82723218	4.300085844	14.04692175	3.071542758	37.6545943	5.582435222	25.25208022	3.782952993	15.75217059	2.148000243
24.5	26.17181069	6.09142621	41.73469569	3.722091104	14.70457597	3.839847593	38.03540781	6.072090315	26.52878221	4.40675582	15.37759546	1.713164063
25	25.31466569	6.141209241	42.00440151	5.090319155	14.89548369	3.123672549	38.02449225	5.126526695	25.39573608	3.82791398	15.39056792	1.548861891
25.5	26.43374431	6.97030212	40.18795407	4.79972795	13.37265623	2.358097286	39.30635102	5.474960152	26.17895278	3.833212091	16.02884393	1.567993485
26	26.73117271	7.440020897	40.08021383	5.494973583	14.27124004	2.704912207	39.74373441	5.973375848	27.19248547	4.805670697	16.00082298	1.469533376
26.5	26.88088326	5.890351449	40.56023694	4.458696374	15.07379652	3.017498083	38.4022135	6.690222076	26.16297981	3.922630561	15.68112815	1.88881337
27	27.08178522	5.802797783	39.98527674	4.406624754	14.47872692	2.108655985	38.86694581	5.854507473	27.4112601	5.022087594	15.34840149	2.071035064
27.5	27.09940056	6.28625482	42.09118899	5.16691466	13.52156021	2.936278152	39.42146249	5.544215178	26.39751989	4.173136939	15.15088671	1.723753947
28	27.29068104	4.912123876	40.35233345	5.073105358	14.83215582	2.598971352	41.83602444	6.598989966	27.43959562	5.611786147	16.21809686	1.715936755
28.5	27.34678729	6.609296529	40.57521344	3.709506195	15.04522924	1.855848048	40.88333922	4.637086478	25.99883148	5.460140027	16.54610642	2.696358707
29	26.73702296	5.002332154	39.58375209	4.7553869	16.17540334	3.798517118	40.87951248	5.459592585	26.36271062	4.448398486	16.34680867	2.109799723
29.5	27.56839493	6.228745575	41.54128075	4.266143121	15.45547568	3.466841438	41.10275768	5.764826279	27.57001355	4.520094151	16.23163763	1.480061733
30	27.54989231	6.69175409	40.99528518	5.303596509	15.60812009	2.762532591	41.32062367	5.725125581	27.87197385	5.967952175	16.62204561	2.340662474
30.5	28.42255704	5.997216771	40.69414641	4.869233661	16.0133378	3.741869122	41.8464188	6.086463722	27.38317935	3.912680207	16.27065822	2.315432168
31	28.86830713	7.383857335	41.13977016	4.413178151	15.66007273	2.010568205	42.08686588	4.627758029	26.53263517	3.563313618	16.01887032	2.209207193
31.5	28.51161555	5.58536215	41.40002361	3.70805001	15.84268686	3.239760777	41.92854605	5.88103431	27.41835719	4.202827984	16.32429651	3.011478818
32	29.09987233	6.137599985	40.55299865	5.580072437	15.7800359	2.427585676	42.79297502	5.703875413	26.88833294	3.335873047	15.41306213	2.661047124
32.5	27.99647429	4.930534168	42.18884127	4.285836877	15.44053097	2.956853297	42.90518283	5.717733515	27.24584798	4.19596766	16.26622416	1.956771996
33	28.77822225	6.61841231	42.91841215	4.16400379	14.46911784	2.738241888	42.75972559	7.142552721	26.11499845	2.503279065	15.39157476	2.482484414
33.5	28.58742963	5.602820962	41.93912468	4.890708206	14.92681491	2.927296477	42.83957874	5.316664327	27.36447892	2.8150113	16.27333937	1.809033078
34	28.4748651	6.946257958	41.99542557	5.158198241	14.99464529	2.477511534	44.12488414	5.809259302	26.12738326	2.859240723	16.64726302	2.663197666
34.5	29.20288836	6.257055837	43.07988472	3.784120896	15.26181349	2.195962957	43.89846501	6.242461278	26.38465153	3.252416912	16.27331107	2.399016737
35	30.03582881	5.47221438	42.0257532	4.177056222	16.10705286	2.163718489	44.86630924	7.585539012	26.98477544	2.936437733	16.18575374	2.521403883
35.5	30.30379842	5.366049165	41.78379686	3.697245007	16.16558945	2.090558622	44.96242736	6.231196811	26.83034208	3.127768322	16.45003926	2.566567739
36	29.95497858	4.630609809	43.51702241	3.946839832	16.29285106	2.654544231	44.32065339	5.455833951	27.87933885	4.122296126	16.55165091	1.686625143
36.5	30.65126115	5.361157336	42.33142114	3.113672847	15.76849978	1.924449068	44.56807318	6.121353692	27.78744211	4.057584804	15.81721278	1.870803067
37	30.94693463	5.676760765	42.80671494	4.984876689	16.71203063	2.21040211	44.55807553	6.15649998	27.69852165	3.322717882	16.25501808	2.48930646
37.5	30.8872851	5.914454952	43.65929979	5.307397557	15.81372164	2.274485483	43.84659716	4.982258104	27.56561194	4.142390192	17.67458316	2.590623169
38	31.09301894	5.000042569	42.7790221	4.937884774	15.57806597	2.461746805	44.23769816	6.082898571	26.68892151	3.372697546	16.34808342	2.494158206
38.5	31.51303464	6.550011172	43.32449572	5.246852449	15.26255902	2.376250672	44.53915105	6.442029118	26.63786692	2.109444636	16.60283091	2.014937169
39	30.26475489	4.068018764	43.54239781	4.680567073	16.24497566	2.587604005	44.31614803	6.372718017	26.88852768	3.19622792	16.63852787	1.938312486
39.5	29.43702271	4.34362213	43.01291578	4.837914443	16.3479354	2.904694694	45.47278223	5.70287675	26.95867924	3.363427859	16.68041136	1.980738278
40	29.55811875	3.078629416	44.79817309	5.360921909	16.95903352	2.090533544	46.04558192	5.633533142	26.7405248	2.992360183	17.37127626	2.414029784
40.5	30.20351915	5.068965022	44.0609643	3.656243348	16.20514908	2.415574177	45.1350424	5.326274758	26.39674847	2.491095961	16.45372638	2.364181288
41	29.68861929	2.956270223	43.30968799	4.739631998	16.41572707	2.891926922	46.01917204	6.724872534	27.37366293	3.014773256	16.17231471	1.93454476
41.5	29.29550404	3.112770601	43.70731432	4.884106084	16.70037371	2.570490954	46.49632635	6.690173552	26.77109565	3.206126775	16.80857011	2.003485107
42	29.65632827	4.153755343	43.55267726	4.388069966	16.06209064	2.254037532	45.71491156	6.48596288	27.5031933	3.2533851	17.29935299	2.215496072
42.5	29.54411178	2.606420209	43.14483001	5.389177003	16.3138095	2.504280634	46.41006162	5.957052927	28.40013749	2.962993674	17.6108802	1.976952491
43	29.83295257	4.544392587	44.33723361	4.050298466	16.56609242	2.148484986	46.55709052	6.723232376	27.71687676	2.628412265	18.11275561	2.72230325
43.5	31.14807984	3.769951761	43.95222306	4.517815217	16.61087552	2.502947489	46.64870305	5.688298907	28.31693238	3.336661926	17.49919042	2.395150893
44	29.8421937	2.314051935	43.61458753	5.432714965	16.0600927	2.165265842	47.77597848	6.792355245	27.155097	2.601012432	16.75484476	1.991910011
44.5	30.08157317	3.829151863	44.09402993	4.451571708	16.1753178	2.491140988	47.35454983	6.042983558	28.08737607	2.801100092	17.91911774	2.458775606
45	28.98725337	2.57730827	44.14196623	5.058808291	17.10302008	2.039223308	47.59097484	6.05515969	28.255964	3.078049015	16.99116853	2.305379547
45.5	29.90012526	3.182605216	45.40020963	4.734798043	16.37186317	2.199894594	47.88060595	6.602801409	27.6998512	2.881659872	17.09294047	2.014628664
46	32.90307367	3.406935647	45.45241197	4.193061076	16.5791598	2.962895786	49.50728049	7.697877675	27.44354106	2.935270205	16.94879755	2.112999231
46.5	30.26513515	2.402702322	44.89101692	3.769042731	16.89877987	2.510642393	47.72714139	5.712528916	26.94754512	2.186410979	16.20403682	2.470276255
47	30.79355018	2.886174869	44.31599545	3.493912143	17.07952537	1.932380273	48.23337196	5.509974457	27.09521282	3.566745476	16.9741554	1.859417425
47.5	29.97210254	3.399568426	44.85654892	4.17112868	16.23631769	2.492716871	47.67828905	5.378711477	27.88656013	2.911623353	16.55531526	1.925541622
48	30.29816775	3.027726924	45.03393494	3.790510445	16.59480719	2.191404951	47.88096836	6.165697127	27.70188339	3.410681414	17.10217786	1.704228586
48.5	31.12523313	2.158988372	45.04953727	3.252960585	16.8876422	2.89825728	47.3377776	4.41614874	28.52658081	3.567008031	16.19284395	1.493069939
49	30.64066089	2.10621281	45.48812502	3.359115147	15.83384785	2.635211312	47.21148853	5.334791391	27.97529106	3.154192757	16.77473209	1.30083408
49.5	31.75571925	2.210279304	45.98955955	2.735183206	15.57396679	2.90908738	46.74149968	5.733157892	28.33779327	2.541276855	16.39699095	1.712512442
50	31.44791821	3.789637526	46.40836763	3.615458596	15.78330074	3.335040308	47.68649052	5.500558098	29.42381782	3.1098751	16.30955241	2.035728015
50.5	31.54113266	2.20660302	46.00875291	3.235474057	16.19250015	2.439875989	47.24423939	4.965285586	29.0094257	2.735133488	16.47423737	1.920643183
51	31.56271853	2.503151668	46.31453564	3.56010869	15.82524838	1.956597216	46.79877215	5.025179809	28.48677533	2.413018419	16.76463351	1.400675164
51.5	32.66696893	3.271091334	46.6520259	2.623466637	15.86818027	3.509306229	47.13436073	5.957561265	29.58433586	2.441689645	16.58992386	2.020225109
52	31.29725418	2.754878381	46.81332535	2.37384004	15.87216849	2.712612049	46.97438502	5.609551818	28.64720954	2.866125582	15.88558548	2.250316738
52.5	31.88797778	2.825513876	46.71822774	3.574581922	15.96436792	2.308723513	47.61703874	5.500661421	28.38945873	2.693033542	16.4195045	1.527083403
53	30.66316706	2.394699113	45.09883363	3.515498623	16.47930523	2.743538646	47.30916209	6.069200213	29.58370757	2.360773399	16.56883395	2.006605233
53.5	31.31865207	2.607000787	46.41894249	4.268928245	16.41663858	2.886192778	48.6549458	6.15714504	28.71093513	3.19670684	16.02876935	1.597996417
54	31.22768747	3.187076517	46.29263486	4.081092412	16.67966315	2.524283592	47.96799715	5.305864388	29.96672766	2.864279566	16.73507805	1.552172885
54.5	31.30381853	3.79113367	46.62287636	4.461933734	15.92949275	2.901280368	46.61499763	5.939761581	29.12648199	2.977563066	15.79959608	1.682393691
55	31.84356359	2.940164221	47.00760563	4.191135521	15.59574359	3.869160935	47.09181595	5.511796328	29.24045805	2.675396087	15.93305436	1.746742326
55.5	31.78506938	3.141252978	46.60156404	4.655036967	15.15466635	3.149633317	47.56330758	5.268510336	28.57116374	3.359165189	16.80436974	1.534164123
56	29.68175342	2.459495537	47.38774047	3.820342947	15.64126456	3.065616711	46.69933443	5.867743263	28.73742175	2.354122284	16.50226415	1.462068926
56.5	31.3255352	2.337282791	45.98693569	2.189747749	15.39655119	3.415078026	46.59020751	4.719021581	29.01284208	2.917658361	16.24687964	1.783268601
57	32.15030651	2.66765893	46.63925429	3.345229021	15.05331149	2.84676476	45.85460904	5.227393659	28.80265284	2.052192324	16.52288098	1.368507033
57.5	32.43578838	3.032940521	46.18484219	2.791444983	15.6774308	2.723698504	46.6817496	5.89765097	29.7489994	3.263906359	15.66948103	1.921180915
58	31.29327697	2.85460201	46.38999157	2.852253567	15.34319998	2.691367408	46.47432383	4.190584378	29.14875384	2.852416822	16.34249896	1.426863726
58.5	31.89571137	2.219100968	46.61270109	3.003014199	15.94665874	2.957120828	47.27136801	4.042129332	29.00730409	2.236256879	16.57566331	1.774419009
59	31.07056626	2.424345173	46.92589878	2.621361367	15.80175453	2.152887374	47.2674743	3.972032771	29.63371609	1.695844106	16.17310648	1.519978465
59.5	31.54216328	2.880191123	47.18355779	2.249580746	16.33814595	2.542107398	48.12168749	4.048796928	29.45668137	2.305178128	16.68152924	1.640040961
60	31.80480976	3.143341526	46.42607894	3.804898068	16.05294581	1.838944186	47.33161384	2.980058357	29.34610866	2.234706784	15.88212782	1.474419903
60.5	32.02924719	1.68346037	46.52254979	4.216283847	16.43665851	2.841956905	47.2539259	4.590248307	29.84355346	2.057652215	17.60215559	1.201029491
61	31.60028034	3.29914677	47.26317107	3.498309342	16.17357177	2.692868361	46.18265494	3.70089515	30.69525044	1.953228485	16.48927043	2.170801522
61.5	31.77218423	3.107201608	46.74642343	3.172662402	16.0246903	2.307462125	47.19635148	4.134541055	29.26948143	2.864203484	16.84628148	1.552184012
62	31.09642524	2.054251729	47.76747936	4.02782078	16.50207434	2.823884153	47.07776888	3.878589435	29.38901313	2.509545358	16.49694675	2.229820454
62.5	32.09749525	2.718101249	47.24674211	3.500270906	16.10029018	2.826102552	46.670016	5.35111599	29.58549134	2.605041668	15.81773579	1.393364103
63	31.27496747	3.988625098	45.97416128	3.504251833	16.24369871	2.482001401	47.60376355	4.221433503	28.7825797	2.374563591	16.13273531	1.632424975
63.5	31.99083573	4.033226342	46.58954852	3.778660211	15.96242954	1.772515576	46.98968925	5.011650231	30.29428838	2.747249031	16.85194089	1.83648308
64	32.76798169	4.689542161	47.80902439	4.943712169	16.14321261	1.906218315	46.91130224	4.149947944	29.34527457	2.110961883	16.52427127	1.538265388
64.5	32.96041907	5.095824856	47.75328203	3.317301587	16.13270158	1.549929546	45.68929077	4.243850526	29.26820832	2.083863554	15.9582216	2.127049687
65	32.18342585	3.638051341	47.13500891	2.575781012	16.02301161	1.675341421	45.92830895	5.695890731	29.50316439	2.385491544	16.09823874	1.57293427
65.5	32.51492216	3.634736037	48.04373708	2.95184824	15.1796564	1.73389407	46.65930292	4.525987932	29.10190563	2.164070251	16.71170852	1.279307506
66	31.25703495	4.184377319	46.07217616	3.35602185	15.75325808	2.542375678	47.62970054	4.614183172	28.76261944	2.182210574	15.22739755	2.195703048
66.5	31.73937442	2.750034734	47.15612366	3.259987234	16.46796136	2.680749292	46.33077775	5.784338504	28.15668785	2.376431034	15.55366063	1.033170295
67	30.95997314	3.099880985	46.38293914	3.393476375	16.22906595	2.615754435	46.52389705	4.842470613	28.60491543	2.514701392	16.18104575	2.055726757
67.5	31.33235805	3.167977059	48.11165971	3.400219098	15.66474002	2.787965028	46.84491943	5.005843736	29.24051963	2.405670944	15.72784382	1.319415019
68	31.76238827	4.066877474	47.47892728	2.835926718	15.5156983	1.969111396	47.25966417	4.16277661	28.47392029	2.236008848	15.7090231	1.648508858
68.5	32.91319763	3.0085222	47.24663966	3.204465686	15.82293635	2.635197835	46.97916375	5.768553304	28.54644589	2.433783276	16.11306645	0.754584915
69	31.17163219	1.775329242	46.4700561	2.044824297	15.48758557	2.157342627	45.63494754	3.838094306	28.30128341	2.439857874	15.8603396	1.301629486
69.5	31.70770072	2.616193399	46.92658886	1.738609361	16.00792246	1.874188828	45.92794873	5.292486231	28.27727848	2.728908897	16.17279802	1.448075123
70	31.95867697	3.60966767	47.01057281	3.526705729	16.04190055	2.033796588	45.46991905	4.716640536	28.5900263	2.633302916	16.84535474	1.610416149
70.5	32.00814158	4.404830654	46.2898998	3.590897862	15.88533346	1.734691358	45.79923958	5.48096416	28.99674329	2.176521489	16.05132067	1.178079293
71	32.6399222	4.948073519	46.32415745	3.313704979	16.13071397	2.137880643	45.94008192	4.435679739	28.92997664	2.113020298	16.44412815	1.486489491
71.5	31.58914346	4.674451682	46.40479384	3.185687032	15.82444885	2.721246605	45.85271853	3.68611399	29.16243234	2.183703096	15.79297678	1.791887026
72	31.76595732	3.385101908	47.14633431	3.941536571	15.73310086	2.158658783	46.92096606	5.590497676	29.32034087	2.080314825	16.58690517	1.49869793
72.5	32.32454104	2.927889031	47.97220235	3.747583352	15.12604951	1.921486056	47.59570675	3.777572576	28.52694041	2.250523332	16.33308415	1.719185747
73	32.51467278	3.308360148	46.96009653	3.178280593	15.64675069	1.842137479	47.09675365	4.242563264	29.72595238	1.906752668	15.39086688	1.427081886
73.5	31.63100761	2.805901301	48.00234079	3.821091949	15.90064068	1.92416451	46.44025592	3.884780401	28.27327974	1.624225305	15.93082484	1.226329675
74	32.39254046	3.533741149	48.63130689	3.287499124	15.26203183	2.199720026	47.66191141	5.437795257	29.34576294	2.545246611	16.8384403	1.649956288
74.5	32.53539808	4.922750034	48.09774205	3.701641229	16.03972085	1.898439866	47.20637209	5.879838957	28.76421299	2.811938658	15.67694918	1.530692321
75	31.02395731	3.040246343	47.98209748	2.57250724	15.65882942	1.718135843	47.40575605	4.571213587	29.14334394	2.53408913	16.4400331	1.757854103
75.5	32.41750426	4.028967344	48.03076977	2.205364013	14.62683618	1.674367625	46.38113409	3.895200582	29.03785212	2.685536073	16.48895256	1.123873785
76	32.4726017	5.403509271	47.94371493	2.892015344	15.18968061	2.00879679	45.26700967	4.056584222	29.57597608	3.01399828	15.78956485	1.5491704
76.5	32.58042019	5.481115208	47.72075784	1.683762664	15.69520733	1.392989955	45.64037496	3.64431947	30.85819446	2.857509349	16.3847971	1.791384734
77	31.78872814	4.6205783	47.54265939	1.954539531	16.34701337	0.861682515	45.89390795	4.325552008	28.9603631	2.58205472	15.79782203	1.288937896
77.5	32.81331621	5.245632066	46.45052099	3.283247278	15.86853558	2.297522444	46.20428835	4.599582619	28.5296354	3.450576868	15.42075889	1.553368694
78	30.87882758	5.274484606	47.37802979	2.066040657	15.94939109	2.415849827	45.77583184	5.546279098	28.44012664	3.175286716	15.85602047	1.809997643
78.5	33.10696761	5.06750483	48.35664572	2.40664678	16.33272988	1.763904702	45.68547636	5.237678775	28.28830896	3.192162866	15.85661187	1.091806951
79	31.09190054	5.350654596	47.87365366	2.657877567	16.13607613	1.88364812	45.56162964	5.672275982	29.03127287	3.690873683	15.96880701	1.721924277
79.5	30.80604701	4.647979893	46.7497679	3.525931287	15.88783017	2.125975423	44.25013167	5.34188738	29.3721199	3.374820263	16.59293634	2.12812198
80	31.40623648	4.103747101	46.65541653	3.175832133	16.47058049	2.531068989	44.62739999	5.05260075	28.98680345	2.607884398	16.47594524	0.738657683
80.5	31.79179248	4.607715829	47.58241437	2.937130886	15.09111044	2.128899666	45.33394932	3.780190045	28.933464	2.306537489	16.23867125	1.536895327
81	32.1418291	4.066170273	47.51660937	2.631129805	15.80109593	2.142171913	45.43562777	4.530885035	28.84094516	2.94981055	15.87013201	1.572736646
81.5	31.6329439	4.266886201	48.0705499	3.337971512	15.57596863	1.689327782	45.44998545	4.126769928	28.63441637	3.296275352	15.64238122	1.583191908
82	31.97043021	4.851558037	47.20548481	2.9369502	15.59680363	2.140481612	45.62160835	4.776296897	28.70318223	2.933519363	15.94418779	1.325589318
82.5	32.56808969	4.89355654	46.89861128	2.8336569	14.89424935	2.315614283	46.11154225	4.188138976	30.60592542	2.55731078	15.66047931	2.3567391
83	32.75174202	5.61205178	47.62666173	3.626278377	15.49624964	2.532973673	46.17352139	4.998960375	29.65432798	3.072748112	16.2219591	1.476430749
83.5	32.62559667	4.628472483	47.79225233	4.380778369	15.61187115	2.250590268	45.36991741	5.965371166	29.51877146	2.808236454	16.81995	1.545959499
84	30.52511229	3.86005759	47.27423053	3.469758337	16.17947775	2.345126559	44.45726206	5.394993677	29.99355299	3.836657054	16.99476805	1.365818875
84.5	31.31625141	3.508044236	48.64622202	3.303533047	15.66602788	2.406169884	45.74732773	5.475516597	29.91296691	3.426154985	16.2316288	0.875888962
85	30.96836752	3.514297779	47.98155427	2.965902549	16.49282106	2.45755437	47.31947358	5.579991288	29.95788008	3.39327452	16.22142723	1.670694904
85.5	30.96972774	3.515775121	48.28564125	3.337135547	16.04465228	2.403302783	46.34836267	5.357126814	28.8251196	3.836483875	16.41659849	1.406093411
86	31.52351176	4.252368894	49.10160968	2.852164219	16.01080841	1.889485789	46.47747429	5.810091065	29.01096459	3.622400463	16.40748582	1.56132639
86.5	31.8723001	3.229781302	47.7991032	3.735941994	16.07161727	2.190056802	47.05005878	3.966605664	28.87343531	3.159334187	15.90997113	1.734802591
87	32.06887921	4.308882478	47.04982304	3.0294897	15.863015	2.357892737	46.70941979	5.254551975	27.77938752	3.837211396	17.20692359	1.136469532
87.5	33.6409782	5.729640455	48.71884456	3.87694632	15.79756534	1.623640804	46.70827668	4.552966506	28.94057986	2.569459423	16.43175141	1.868392134
88	33.65278455	5.236561162	48.03871437	3.179780355	15.90835152	2.340503799	46.4339979	4.750053905	27.87262121	2.494015466	16.19715165	1.457456227
88.5	34.38712637	7.10424678	47.49100769	4.158008682	15.82490682	1.810447021	45.69349872	6.100009894	28.21542953	2.888633372	16.10216438	1.010795545
89	33.70824638	5.414696492	47.83111335	4.345513497	15.46723543	2.287023004	46.0195262	4.99045542	29.51412927	2.159954589	16.37974935	1.053413063
89.5	33.12924965	6.790583306	48.36879275	3.511714267	15.87307374	2.176851077	45.55656046	5.105203981	29.46273078	2.234531207	16.18853159	1.155552541
90	32.73557269	5.469295489	47.85854766	2.670680089	15.02951751	2.290280624	46.13867158	4.762404239	28.95700714	1.601463317	16.57605633	1.077256303
90.5	32.9350654	4.722775745	47.9724489	2.696705314	15.63741882	1.537822126	47.26098951	5.045100734	28.63073211	2.141079814	15.79600837	1.725781405
91	33.14444286	6.436302937	48.59578678	2.331851036	15.24509799	2.351396741	46.32561457	5.236333434	28.8451351	3.200520045	16.82629806	1.587711467
91.5	32.77630768	5.968814076	47.51304084	3.725267345	14.66108546	2.369367725	45.99980625	5.195436229	28.69236784	3.337614981	16.23081269	1.581189671
92	33.1357312	7.84108751	48.0849864	4.00309268	15.61455875	2.358226012	46.28482698	5.552776659	27.8312559	3.069394388	16.25606805	1.064393478
92.5	33.16119689	7.939841326	47.12732456	4.562713814	15.81789486	2.258759986	46.08454073	4.58370931	29.20946486	2.719948348	16.57916028	1.544396818
93	32.66797702	6.164331092	48.01500148	3.739383672	15.2423827	2.783423008	46.81666813	5.734273092	29.39764388	3.025776831	16.77065499	1.393869726
93.5	32.37780065	6.332442146	48.05111827	3.68513396	16.0898261	2.722107237	46.96844217	5.055215598	28.69527728	3.489436811	16.1019232	1.25757861
94	32.11770278	6.957710354	47.28098474	3.148613811	15.67583625	2.746728149	46.48451633	6.332769174	28.92000384	2.123874253	15.8297794	1.3520313
94.5	32.51330961	7.786021134	47.29775802	3.685358758	15.62325616	3.173085255	47.51208376	4.868258277	29.13211575	2.567477099	16.37941672	2.410859984
95	32.62034861	6.082031673	48.51047278	3.417706238	15.64286616	2.082008363	47.28386549	5.006745206	30.09191525	2.95351018	16.97535263	1.600664153
95.5	33.46187071	7.947296871	48.29860162	4.059457292	15.61694626	1.873917184	45.88266135	5.407870065	29.42875077	2.507971541	16.3742335	1.626598976
96	32.97874541	8.58688787	48.42172281	3.780122426	15.24753137	2.407264148	46.39688121	5.564756417	29.35735996	2.874138284	16.28105805	1.055107295
96.5	32.2596742	8.294741233	47.47483833	3.777887357	15.6717794	2.557926626	45.80414543	5.716069359	30.0585845	2.741512669	16.43358443	1.936319365
97	32.77653295	8.559417737	47.58848264	3.540133177	16.09413057	2.635900751	45.26465529	5.633719216	29.42477589	3.324479151	16.26926439	1.636993657
97.5	32.40181963	6.928802419	46.88124736	3.344878384	16.01895668	2.660401147	46.27066468	6.200661101	28.55022566	3.427634011	16.35452681	1.19597602
98	32.5070479	7.948884433	47.86003468	3.49939041	16.21814264	2.824015862	45.35017776	6.151581601	29.18630186	3.815957404	16.45552049	1.727922024
98.5	33.23009014	9.271187926	47.7680838	4.02076613	15.6158074	2.787403367	46.29444783	5.054838652	28.84650429	3.720491391	17.49946576	1.429153306
99	31.35429091	5.689169614	46.95415041	3.71638182	16.11906931	2.683864439	45.8576506	5.930563059	29.87357743	3.545483448	17.22508477	1.515320538
99.5	31.05736916	5.141993701	48.01510039	4.340207851	16.18978097	3.226323679	46.47168418	5.181447673	29.72540382	3.008174545	16.5496954	1.278568465
100	31.36037019	5.436034032	48.34343215	3.937485731	16.6771846	3.128415147	46.15533649	5.770868583	29.18898695	3.857146501	16.42326094	1.218709592
100.5	32.62468533	7.690602973	47.70501122	4.609504174	16.40052595	2.471371976	46.00646542	5.212461433	29.19899749	2.517910186	16.77531977	1.456011203
101	32.89947392	8.547921614	46.27344696	3.682162036	16.51079647	2.233360461	46.64511485	5.045184436	28.75878219	3.927569264	16.7887154	1.032395427
101.5	33.03163756	9.399588629	47.64518309	3.472930728	16.5266898	2.413752794	46.64757452	5.002151498	28.81857594	3.076707071	16.20832255	1.600420407
102	33.48278627	9.002548847	47.26092363	3.419996483	15.82773877	2.439545608	46.31253473	4.972547802	29.59300522	2.982163644	16.47731798	1.570105987
102.5	32.88152308	8.60752111	47.07731968	4.829012549	16.42024627	2.764646212	46.29052689	5.346038785	29.74993851	3.365196827	16.99589936	1.385019528
103	31.84347864	6.231959421	48.13074524	4.194144732	16.00598833	2.40080502	46.35229591	5.752040434	30.03867831	3.79719951	16.60382188	1.544757069
103.5	31.55533448	5.886574999	46.95274453	4.346613995	16.17935827	2.186877533	46.02084671	5.268978318	29.39655145	2.423924919	16.53285393	1.272969937
104	31.30286808	6.700422057	48.46975668	3.615635914	16.06007292	2.288208637	46.89050597	4.761281995	29.28516657	3.092387504	16.69663952	1.095801559
104.5	31.38988577	4.544183182	47.62749937	5.90075357	15.46442024	1.999823085	46.61404513	6.009436286	29.86185317	3.976520996	16.40270479	1.943711836
105	30.97114866	6.558553387	46.60930517	4.432732762	15.94292754	2.01174597	46.8440583	6.16628383	28.18946467	4.063314486	16.72634568	1.634505402
105.5	32.28691682	11.59321896	48.22581716	4.328764882	15.76167036	1.872821977	45.47688656	5.576443496	28.74902747	4.468314717	16.46825799	1.271880025
106	32.06945341	8.607085155	48.88101413	4.492143833	15.51730578	1.872562351	45.37760471	4.23735011	28.51159486	4.601399243	15.97104444	1.782981713
106.5	31.27077227	8.354095736	48.50728388	4.120296687	16.02557335	2.41857814	45.72058564	5.789641616	28.28705245	3.402199383	16.22804426	1.573068488
107	32.27292312	10.64789243	48.69345551	3.753096626	16.28661399	1.735204352	45.06060857	6.376438931	28.71766084	4.472922768	17.05088563	1.626250178
107.5	31.29678241	7.490355239	48.54179209	4.643356375	15.79819316	1.891623897	45.26884894	6.515108223	27.78089151	3.736180014	16.16962453	1.200149663
108	31.38099168	7.236884266	47.93566579	5.353855997	15.66788984	2.369857157	45.90337005	6.841366492	28.71417256	3.488352058	17.23664037	1.523274777
108.5	32.70852165	8.347899347	47.51450331	4.510346796	15.90895196	2.359060801	45.01679275	6.794224539	27.3143747	3.485070801	16.87967024	1.561471388
109	32.04680495	8.997873759	48.192874	4.03840562	15.94556298	2.673239876	44.99504712	5.568437387	27.91400597	4.546855446	15.41090671	1.721517496
109.5	31.93863812	7.151274271	47.81618526	4.79391187	16.06622483	1.62031425	45.86707161	6.850425186	27.949776	3.561182679	16.54487102	1.820575558
110	32.29773761	8.001212696	47.53475996	4.419682642	15.40630063	1.361585652	45.67712565	4.781276062	28.34705988	3.994258474	17.52310991	1.549283694
110.5	31.4650224	8.19329523	47.52156899	5.21642749	15.45786584	2.882813099	45.52592878	6.251720471	28.51814157	4.303543556	16.38369943	1.554604962
111	33.04975822	9.276949647	48.44565982	3.863142736	14.80453561	2.228701502	46.77890417	6.68876808	28.74066304	3.859311093	16.5608651	1.446244577
111.5	31.66049087	8.163020221	48.4092142	5.058509876	14.89799301	2.946991267	46.16714371	6.163374816	29.52194552	4.169151123	15.64103828	1.129156845
112	32.25233509	7.373365411	49.49747794	5.007859226	14.57912229	2.803976107	45.05761305	6.027817966	28.96930854	3.463354777	16.55076305	1.542796211
112.5	32.65657717	8.333531412	48.2163505	4.931084263	15.3529836	1.949234237	44.62508374	6.043693796	28.86624345	3.946910704	16.49307479	1.356917219
113	32.92607602	9.16330414	48.56405722	6.029389107	14.88018646	2.696389806	44.37941801	6.338047157	28.47995673	4.162473319	16.06802761	1.933843707
113.5	31.6786215	7.718556084	48.13233967	6.231401822	15.12379633	2.4477903	45.0256445	6.357871898	28.9321316	3.910857944	15.88563319	1.429467198
114	33.02866513	6.723548098	48.01936154	5.288454157	15.26489637	3.044018232	44.82541558	7.632080132	28.95262014	3.313708734	15.57223948	1.854064919
114.5	31.29382102	5.815863518	47.17747897	5.591316795	14.98741312	3.084461235	45.85853035	7.166096035	28.24340834	3.162449998	16.00173695	1.796202749
115	32.23139207	5.335652095	47.61610509	5.746421088	14.57461591	2.591511309	45.82688245	7.200660477	28.57864764	3.869738629	16.41609045	2.367766092
115.5	31.57180569	4.391616599	48.13946354	5.889375449	15.46170907	3.271031248	45.62985113	7.526285754	28.90876414	3.881226562	17.17288397	1.712566698
116	32.43211586	3.609061131	47.69448437	5.581630541	14.93952108	3.579350002	45.74167698	7.104390532	29.01976645	3.366464184	16.39310724	1.582408718
116.5	31.14140622	4.687936689	46.50545726	5.471680937	15.26846632	2.560770016	46.26610491	7.191837679	29.09550824	4.018992502	16.70282689	1.046890119
117	31.92358832	6.493867182	46.63072709	6.086129284	15.38684868	3.069104026	46.0281288	7.196506838	29.84480733	3.987282661	15.71265495	1.299341681
117.5	30.74621913	5.384743336	47.73203722	5.120734577	15.83843547	2.909617718	47.11567729	8.291680114	29.57544885	2.952114901	16.33438239	1.638582587
118	32.21726278	6.01064934	48.61922123	5.679992264	15.5551696	3.15153776	45.73820529	7.707683332	29.81300093	3.694592232	15.69219855	1.787306258
118.5	32.51498651	9.516699593	48.51279261	4.868507745	15.66626457	3.174067161	45.9779164	6.259535346	29.13574918	3.570516984	16.54175064	1.872831758
119	31.62792366	7.149039889	48.1728497	4.080164198	16.21275297	3.287189843	46.72635394	7.481103607	29.58726046	3.808431376	15.75339923	1.112926969
119.5	31.15107959	4.803257962	47.61615138	4.198350473	15.29231457	2.800724769	46.35489366	6.272909262	30.12648421	4.64022262	16.71896005	2.289360364
120	30.03704591	4.984199067	46.86769657	5.747312585	15.46319574	3.225229615	46.70181003	7.378460743	30.47457827	3.545820271	16.53356508	2.013971692